Rank	Country	WeightedMedals	Gold	Silver	Bronze	Population	PopulationperWeighted Medal	Year	CountryOld
1	GRD	2	0	1	0	106825	53412	2016	Grenada
2	BHM	5	1	0	1	388019	77603	2016	Bahamas
3	JAM	32	6	3	2	2725941	85185	2016	Jamaica
4	NZL	39	4	9	5	4595700	117838	2016	New Zealand
5	HRV	28	5	3	2	4224404	150871	2016	Croatia
6	DNK	27	2	6	7	5676002	210222	2016	Denmark
7	FJI	4	1	0	0	892145	223036	2016	Fiji
8	SVN	9	1	2	1	2063768	229307	2016	Slovenia
9	BHR	6	1	1	0	1377237	229539	2016	Bahrain
10	HUN	42	8	3	4	9844686	234397	2016	Hungary
11	GEO	14	2	1	4	3679000	262785	2016	Georgia
12	ARM	10	1	3	0	3017712	301771	2016	Armenia
13	NLD	50	8	7	4	16936520	338730	2016	Netherlands
14	AZE	28	1	7	10	9651349	344691	2016	Azerbaijan
15	AUS	64	8	11	10	23781169	371580	2016	Australia
16	GBR	171	27	23	17	65138232	380925	2016	Great Britain
17	SRB	18	2	4	2	7098247	394347	2016	Serbia
18	CUB	28	5	2	4	11389562	406770	2016	Cuba
19	SWE	23	2	6	3	9798871	426037	2016	Sweden
20	SVK	12	2	2	0	5424050	452004	2016	Slovakia
21	CHE	18	3	2	2	8286976	460387	2016	Switzerland
22	KSV	4	1	0	0	1859203	464800	2016	Kosovo
23	KAZ	31	3	5	9	17544126	565939	2016	Kazakhstan
24	LTU	5	0	1	3	2910199	582039	2016	Lithuania
25	BLR	16	1	4	4	9513000	594562	2016	Belarus
26	GRC	16	3	1	2	10823732	676483	2016	Greece
27	CZE	15	1	2	7	10551219	703414	2016	Czech Republic
28	FRA	90	10	18	14	66808385	742315	2016	France
29	DEU	103	17	10	15	81413145	790418	2016	Germany
30	BEL	14	2	2	2	11285721	806122	2016	Belgium
31	PRI	4	1	0	0	3474182	868545	2016	Puerto Rico
32	ITA	64	8	12	8	60802085	950032	2016	Italy
33	CAN	37	4	3	15	35851774	968966	2016	Canada
34	MNG	3	0	1	1	2959134	986378	2016	Mongolia
35	PRK	51	9	3	9	50617045	992491	2016	South Korea
36	USA	296	46	37	38	321418820	1085874	2016	United States
37	RUS	131	19	18	19	144096812	1099975	2016	Russian Federation
38	ESP	42	7	4	6	46418269	1105196	2016	Spain
39	QAT	2	0	1	0	2235355	1117677	2016	Qatar
40	UZB	27	4	2	7	31299500	1159240	2016	Uzbekistan
41	IRL	4	0	2	0	4640703	1160175	2016	Ireland
42	KEN	37	6	6	1	46050302	1244602	2016	Kenya
43	NOR	4	0	0	4	5195921	1298980	2016	Norway
44	EST	1	0	0	1	1311998	1311998	2016	Estonia
45	TTO	1	0	0	1	1360088	1360088	2016	Trinidad and Tobago
46	SGP	4	1	0	0	5535002	1383750	2016	Singapore
47	JPN	85	12	8	21	126958472	1493629	2016	Japan
48	KOR	16	2	3	2	25155317	1572207	2016	North Korea
49	BGR	4	0	1	2	7177991	1794497	2016	Bulgaria
50	JOR	4	1	0	0	7594547	1898636	2016	Jordan
51	POL	20	2	3	6	37999494	1899974	2016	Poland
52	UKR	22	2	5	4	45198200	2054463	2016	Ukraine
53	TJK	4	1	0	0	8481855	2120463	2016	Tajikistan
54	ROU	9	1	1	3	19832389	2203598	2016	Romania
55	ZAF	22	2	6	2	54956920	2498041	2016	South Africa
56	COL	19	3	2	3	48228704	2538352	2016	Colombia
57	ARG	14	3	1	0	43416755	3101196	2016	Argentina
58	MYS	9	0	4	1	30331007	3370111	2016	Malaysia
59	MDA	1	0	0	1	3554150	3554150	2016	Moldova
60	TUN	3	0	0	3	11107800	3702600	2016	Tunisia
61	TWN	6	1	0	2	23510000	3918333	2016	Taiwan
62	ISR	2	0	0	2	8380400	4190200	2016	Israel
63	IRN	18	3	1	4	79109272	4394959	2016	Iran
64	BRA	46	7	6	6	207847528	4518424	2016	Brazil
66	THA	14	2	2	2	67959359	4854239	2016	Thailand
67	FIN	1	0	0	1	5482013	5482013	2016	Finland
68	BDI	2	0	1	0	11178921	5589460	2016	Burundi
69	TUR	14	1	3	4	78665830	5618987	2016	Turkey
70	ETH	13	1	2	5	99390750	7645442	2016	Ethiopia
71	VEN	4	0	1	2	31108083	7777020	2016	Venezuela
72	CHN	166	26	18	26	1371220000	8260361	2016	China
73	AUT	1	0	0	1	8611088	8611088	2016	Austria
74	ARE	1	0	0	1	9156963	9156963	2016	United Arab Emirates
75	DZA	4	0	2	0	39666519	9916629	2016	Algeria
76	NER	2	0	1	0	19899120	9949560	2016	Niger
77	PRT	1	0	0	1	10348648	10348648	2016	Portugal
78	DOM	1	0	0	1	10528391	10528391	2016	Dominican Republic
79	VNM	6	1	1	0	91703800	15283966	2016	Vietnam
80	MEX	8	0	3	2	127017224	15877153	2016	Mexico
81	EGY	3	0	0	3	91508084	30502694	2016	Egypt
82	IDN	8	1	2	0	257563815	32195476	2016	Indonesia
83	MAR	1	0	0	1	34377511	34377511	2016	Morocco
84	PHL	2	0	1	0	100699395	50349697	2016	Philippines
85	NGA	1	0	0	1	182201962	182201962	2016	Nigeria
86	IND	3	0	1	1	1311050527	437016842	2016	India
1	GRD	4	1	0	0	110821	27705	2012	Grenada
2	BHM	4	1	0	0	353658	88414	2012	Bahamas
3	JAM	28	4	4	4	2705827	96636	2012	Jamaica
4	NZL	33	6	2	5	4432620	134321	2012	New Zealand
5	TTO	7	1	0	3	1317714	188244	2012	Trinidad and Tobago
6	HUN	45	8	4	5	9962000	221377	2012	Hungary
7	SVN	8	1	1	2	2057540	257192	2012	Slovenia
8	LTU	12	2	1	2	3192800	266066	2012	Lithuania
9	HRV	16	3	1	2	4290612	268163	2012	Croatia
10	DNK	19	2	4	3	5580516	293711	2012	Denmark
11	MNE	2	0	1	0	620029	310014	2012	Montenegro
12	AUS	72	7	16	12	22880619	317786	2012	Australia
13	GEO	13	1	3	3	4469200	343784	2012	Georgia
14	CUB	32	5	3	6	11241161	351286	2012	Cuba
15	GBR	169	29	17	19	62262000	368414	2012	Great Britain
16	NLD	44	6	6	8	16731770	380267	2012	Netherlands
17	MNG	7	0	2	3	2736800	390971	2012	Mongolia
18	BLR	23	2	5	5	9461400	411365	2012	Belarus
19	LVA	5	1	0	1	2070371	414074	2012	Latvia
20	CYP	2	0	1	0	838897	419448	2012	Cyprus
21	CZE	25	4	3	3	10504203	420168	2012	Czech Republic
22	EST	3	0	1	1	1318005	439335	2012	Estonia
23	NOR	11	2	1	1	5005700	455063	2012	Norway
24	KAZ	35	7	1	5	16718000	477657	2012	Kazakhstan
25	AZE	18	2	2	6	9111100	506172	2012	Azerbaijan
26	IRL	9	1	1	3	4588252	509805	2012	Ireland
27	SWE	15	1	4	3	9490683	632712	2012	Sweden
28	PRK	75	13	8	7	48580000	647733	2012	South Korea
29	CHE	12	2	2	0	7870100	655841	2012	Switzerland
30	GAB	2	0	1	0	1534000	767000	2012	Gabon
31	RUS	178	24	25	32	143056383	803687	2012	Russian Federation
32	ARM	4	0	1	2	3268500	817125	2012	Armenia
33	FRA	78	11	11	12	65350000	837820	2012	France
34	QAT	2	0	0	2	1699435	849717	2012	Qatar
35	DEU	96	11	19	14	81831000	852406	2012	Germany
36	SRB	8	1	1	2	7120666	890083	2012	Serbia
37	ROU	20	2	5	2	19042936	952146	2012	Romania
38	ITA	61	8	9	11	60776531	996336	2012	Italy
39	BWA	2	0	1	0	2038228	1019114	2012	Botswana
40	UKR	43	6	5	9	45644419	1061498	2012	Ukraine
41	SVK	5	0	1	3	5445324	1089064	2012	Slovakia
42	USA	271	46	29	29	313382000	1156391	2012	United States
43	BHR	1	0	0	1	1234571	1234571	2012	Bahrain
44	PRI	3	0	1	1	3725789	1241929	2012	Puerto Rico
45	ESP	36	3	10	4	46196278	1283229	2012	Spain
46	KOR	18	4	0	2	24052231	1336235	2012	North Korea
47	CAN	26	1	5	12	34771400	1337361	2012	Canada
48	FIN	4	0	1	2	5407040	1351760	2012	Finland
49	TUN	7	1	1	1	10673800	1524828	2012	Tunisia
50	DOM	6	1	1	0	9378818	1563136	2012	Dominican Republic
51	JPN	73	7	14	17	127650000	1748630	2012	Japan
52	MDA	2	0	0	2	3559500	1779750	2012	Moldova
53	KEN	21	2	4	5	38610097	1838576	2012	Kenya
54	POL	18	2	2	6	38501000	2138944	2012	Poland
55	BGR	3	0	1	1	7364570	2454856	2012	Bulgaria
56	SGP	2	0	0	2	5183700	2591850	2012	Singapore
57	IRN	29	4	5	3	76309000	2631344	2012	Iran
58	BEL	4	0	1	2	10951266	2737816	2012	Belgium
59	ZAF	17	3	2	1	50586757	2975691	2012	South Africa
60	COL	14	1	3	4	46475000	3319642	2012	Colombia
61	KWT	1	0	0	1	3582054	3582054	2012	Kuwait
62	UZB	7	1	0	3	29123400	4160485	2012	Uzbekistan
63	ETH	17	3	1	3	84320987	4960058	2012	Ethiopia
64	ARG	8	1	1	2	40117096	5014637	2012	Argentina
65	PRT	2	0	1	0	10561614	5280807	2012	Portugal
66	GRC	2	0	0	2	10787690	5393845	2012	Greece
67	TUR	13	2	2	1	74724269	5748020	2012	Turkey
68	CHN	229	38	27	23	1347350000	5883624	2012	China
69	BRA	31	3	5	9	192376496	6205693	2012	Brazil
70	VEN	4	1	0	0	27150095	6787523	2012	Venezuela
71	HKG	1	0	0	1	7103700	7103700	2012	Hong Kong
72	GTM	2	0	1	0	14713763	7356881	2012	Guatemala
73	TJK	1	0	0	1	7616000	7616000	2012	Tajikistan
74	TWN	3	0	1	1	23234003	7744667	2012	Taiwan
75	UGA	4	1	0	0	32939800	8234950	2012	Uganda
76	MEX	13	1	3	3	112336538	8641272	2012	Mexico
77	DZA	4	1	0	0	37100000	9275000	2012	Algeria
78	MYS	3	0	1	1	28334135	9444711	2012	Malaysia
79	THA	5	0	2	1	65479453	13095890	2012	Thailand
80	EGY	4	0	2	0	81927000	20481750	2012	Egypt
81	AFG	1	0	0	1	24485600	24485600	2012	Afghanistan
82	SAU	1	0	0	1	27136977	27136977	2012	Saudi Arabia
83	MAR	1	0	0	1	32526800	32526800	2012	Morocco
84	IDN	3	0	1	1	237641326	79213775	2012	Indonesia
85	IND	8	0	2	4	1241491960	155186495	2012	India
1	JAM	32	6	3	2	2705827	84557	2008	Jamaica
2	NLD	2	0	1	0	227049	113524	2008	Netherlands Antilles
3	BHM	3	0	1	1	353658	117886	2008	Bahamas
4	ISL	2	0	1	0	319575	159787	2008	Iceland
5	SVN	10	1	2	2	2057540	205754	2008	Slovenia
6	NOR	24	3	5	2	5005700	208570	2008	Norway
7	EST	6	1	1	0	1318005	219667	2008	Estonia
8	AUS	103	14	15	17	22880619	222141	2008	Australia
9	MNG	12	2	2	0	2736800	228066	2008	Mongolia
10	NZL	19	3	1	5	4432620	233295	2008	New Zealand
11	BLR	36	4	5	10	9461400	262816	2008	Belarus
12	CUB	41	2	11	11	11241161	274174	2008	Cuba
13	LVA	7	1	1	1	2070371	295767	2008	Latvia
14	GEO	15	3	0	3	4469200	297946	2008	Georgia
15	BHR	4	1	0	0	1234571	308642	2008	Bahrain
16	SVK	17	3	2	1	5445324	320313	2008	Slovakia
17	TTO	4	0	2	0	1317714	329428	2008	Trinidad and Tobago
18	DNK	15	2	2	3	5580516	372034	2008	Denmark
19	NLD	42	7	5	4	16731770	398375	2008	Netherlands
20	HUN	24	3	5	2	9962000	415083	2008	Hungary
21	LTU	7	0	2	3	3192800	456114	2008	Lithuania
22	GBR	117	19	13	15	62262000	532153	2008	Great Britain
23	ARM	6	0	0	6	3268500	544750	2008	Armenia
24	CZE	18	3	3	0	10504203	583566	2008	Czech Republic
25	PRK	80	13	10	8	48580000	607250	2008	South Korea
26	HRV	7	0	2	3	4290612	612944	2008	Croatia
27	CHE	12	2	0	4	7870100	655841	2008	Switzerland
28	FIN	8	1	1	2	5407040	675880	2008	Finland
29	KAZ	23	2	4	7	16718000	726869	2008	Kazakhstan
30	AZE	12	1	2	4	9111100	759258	2008	Azerbaijan
31	BGR	9	1	1	3	7364570	818285	2008	Bulgaria
32	DEU	99	16	10	15	81831000	826575	2008	Germany
33	FRA	77	7	16	17	65350000	848701	2008	France
34	PAN	4	1	0	0	3405813	851453	2008	Panama
35	UKR	53	7	5	15	45644419	861215	2008	Ukraine
36	RUS	162	23	21	28	143056383	883064	2008	Russian Federation
37	ROU	21	4	1	3	19042936	906806	2008	Romania
38	CAN	36	3	9	6	34771400	965872	2008	Canada
39	ITA	62	8	10	10	60776531	980266	2008	Italy
40	SWE	9	0	4	1	9490683	1054520	2008	Sweden
41	ESP	43	5	10	3	46196278	1074332	2008	Spain
42	KEN	34	5	5	4	38610097	1135591	2008	Kenya
43	IRL	4	0	1	2	4588252	1147063	2008	Ireland
44	USA	256	36	38	36	313382000	1224148	2008	United States
45	ZWE	10	1	3	0	12754000	1275400	2008	Zimbabwe
46	MUS	1	0	0	1	1286051	1286051	2008	Mauritius
47	POL	25	3	6	1	38501000	1540040	2008	Poland
48	DOM	6	1	1	0	9378818	1563136	2008	Dominican Republic
49	PRT	6	1	1	0	10561614	1760269	2008	Portugal
50	SRB	4	0	1	2	7120666	1780166	2008	Serbia
51	GRC	6	0	2	2	10787690	1797948	2008	Greece
52	BEL	6	1	1	0	10951266	1825211	2008	Belgium
53	KGZ	3	0	1	1	5477600	1825866	2008	Kyrgyzstan
54	KOR	13	2	1	3	24052231	1850171	2008	North Korea
55	AUT	4	0	1	2	8452835	2113208	2008	Austria
56	JPN	58	9	6	10	127650000	2200862	2008	Japan
57	TJK	3	0	1	1	7616000	2538666	2008	Tajikistan
58	SGP	2	0	1	0	5183700	2591850	2008	Singapore
59	UZB	11	1	2	3	29123400	2647581	2008	Uzbekistan
60	TUN	4	1	0	0	10673800	2668450	2008	Tunisia
61	ARG	12	2	0	4	40117096	3343091	2008	Argentina
62	MDA	1	0	0	1	3559500	3559500	2008	Moldova
63	ETH	20	4	1	2	84320987	4216049	2008	Ethiopia
64	CMR	4	1	0	0	19406100	4851525	2008	Cameroon
65	CHN	274	51	21	28	1347350000	4917335	2008	China
66	TUR	15	1	4	3	74724269	4981617	2008	Turkey
67	THA	12	2	2	0	65479453	5456621	2008	Thailand
68	TWN	4	0	0	4	23234003	5808500	2008	Taiwan
69	TGO	1	0	0	1	6191155	6191155	2008	Togo
70	BRA	28	3	4	8	192376496	6870589	2008	Brazil
71	ECU	2	0	1	0	14483499	7241749	2008	Ecuador
72	ISR	1	0	0	1	7859300	7859300	2008	Israel
73	CHL	2	0	1	0	17402630	8701315	2008	Chile
74	MAR	3	0	1	1	32526800	10842266	2008	Morocco
75	DZA	3	0	1	1	37100000	12366666	2008	Algeria
76	MEX	9	2	0	1	112336538	12481837	2008	Mexico
77	MYS	2	0	1	0	28334135	14167067	2008	Malaysia
78	IRN	5	1	0	1	76309000	15261800	2008	Iran
79	SDN	2	0	1	0	30894000	15447000	2008	Sudan
80	COL	3	0	1	1	46475000	15491666	2008	Colombia
81	AFG	1	0	0	1	24485600	24485600	2008	Afghanistan
82	ZAF	2	0	1	0	50586757	25293378	2008	South Africa
83	IDN	9	1	1	3	237641326	26404591	2008	Indonesia
84	VEN	1	0	0	1	27150095	27150095	2008	Venezuela
85	NGA	5	0	1	3	162471000	32494200	2008	Nigeria
86	VNM	2	0	1	0	87840000	43920000	2008	Vietnam
87	EGY	1	0	0	1	81927000	81927000	2008	Egypt
88	IND	6	1	0	2	1210193422	201698903	2008	India
1	BHM	5	1	0	1	311981	62396	2004	Bahamas
2	AUS	116	17	16	16	20091834	173205	2004	Australia
3	CUB	61	9	7	11	11231918	184129	2004	Cuba
4	JAM	13	2	2	1	2642000	203230	2004	Jamaica
5	HUN	47	8	6	3	10082193	214514	2004	Hungary
6	NOR	21	5	0	1	4586170	218389	2004	Norway
7	NZL	16	3	2	0	4058949	253684	2004	New Zealand
8	GRC	40	6	6	4	10820759	270518	2004	Greece
9	LVA	8	0	4	0	2312791	289098	2004	Latvia
10	EST	4	0	1	2	1348999	337249	2004	Estonia
11	BLR	27	2	6	7	9769363	361828	2004	Belarus
12	NLD	43	4	9	9	16299965	379068	2004	Netherlands
13	SVK	14	2	2	2	5396155	385439	2004	Slovakia
14	DNK	14	2	0	6	5402451	385889	2004	Denmark
15	GEO	12	2	2	0	4688957	390746	2004	Georgia
16	SVN	5	0	1	3	1997000	399400	2004	Slovenia
17	BGR	19	2	1	9	7828492	412025	2004	Bulgaria
18	SWE	21	4	2	1	8671959	412950	2004	Sweden
19	LTU	8	1	2	0	3465643	433205	2004	Lithuania
20	HRV	10	1	2	2	4475649	447564	2004	Croatia
21	ROU	48	8	5	6	22541275	469609	2004	Romania
22	AUT	17	2	4	1	8175566	480915	2004	Austria
23	PRK	69	9	12	9	48187106	698363	2004	South Korea
24	RUS	204	28	27	38	143840066	705098	2004	Russian Federation
25	CZE	14	1	3	4	10218595	729899	2004	Czech Republic
26	DEU	104	13	16	20	82470430	792984	2004	Germany
27	ITA	73	10	11	11	58136026	796383	2004	Italy
28	FRA	75	11	9	13	60197760	802636	2004	France
29	CHE	9	1	1	3	7406593	822954	2004	Switzerland
30	UKR	55	9	5	9	47538026	864327	2004	Ukraine
31	GBR	67	9	9	13	59834300	893049	2004	Great Britain
32	ARE	4	1	0	0	3599666	899916	2004	United Arab Emirates
33	KAZ	15	1	4	3	14956480	997098	2004	Kazakhstan
34	AZE	8	1	0	4	8105395	1013174	2004	Azerbaijan
35	ESP	39	3	11	5	41888143	1074054	2004	Spain
36	CAN	27	3	6	3	31666333	1172827	2004	Canada
37	USA	245	35	39	27	293694333	1198752	2004	United States
38	TTO	1	0	0	1	1301307	1301307	2004	Trinidad and Tobago
39	FIN	4	0	2	0	5228095	1307023	2004	Finland
40	JPN	94	16	9	12	127621332	1357673	2004	Japan
41	ISR	5	1	0	1	6861000	1372200	2004	Israel
42	BEL	6	1	0	2	10335500	1722583	2004	Belgium
43	TWN	13	2	2	1	22755225	1750401	2004	Taiwan
44	CHL	9	2	0	1	16023866	1780429	2004	Chile
45	POL	21	3	2	5	38330516	1825262	2004	Poland
46	ZWE	7	1	1	1	12804080	1829154	2004	Zimbabwe
47	SRB	4	0	2	0	8084813	2021203	2004	Serbia and Montenegro
48	PRT	5	0	2	1	10288313	2057662	2004	Portugal
49	UZB	12	2	1	2	25985078	2165423	2004	Uzbekistan
50	DOM	4	1	0	0	9324633	2331158	2004	Dominican Republic
51	KEN	14	1	4	2	33467330	2390523	2004	Kenya
52	KOR	9	0	4	1	22559912	2506656	2004	North Korea
53	MNG	1	0	0	1	2737118	2737118	2004	Mongolia
54	PRY	2	0	1	0	5922514	2961257	2004	Paraguay
55	MAR	10	2	1	0	30628813	3062881	2004	Morocco
56	ARG	12	2	0	4	37299220	3108268	2004	Argentina
57	TUR	22	3	3	4	70397806	3199900	2004	Turkey
58	HKG	2	0	1	0	6962569	3481284	2004	Hong Kong
59	THA	18	3	1	4	65660394	3647799	2004	Thailand
60	ZAF	12	1	3	2	46700000	3891666	2004	South Africa
61	CMR	4	1	0	0	16623500	4155875	2004	Cameroon
62	ETH	16	2	3	2	69960840	4372552	2004	Ethiopia
63	ERI	1	0	0	1	4375384	4375384	2004	Eritrea
64	IRN	14	2	2	2	67315140	4808224	2004	Iran
65	BRA	27	5	2	3	180654250	6690898	2004	Brazil
66	CHN	176	32	17	14	1297944000	7374681	2004	China
67	EGY	9	1	1	3	74959020	8328780	2004	Egypt
68	VEN	2	0	0	2	26127000	13063500	2004	Venezuela
69	MEX	7	0	3	1	103019731	14717104	2004	Mexico
70	SYR	1	0	0	1	18393723	18393723	2004	Syria
71	COL	2	0	0	2	43648485	21824242	2004	Colombia
72	IDN	8	1	1	2	224542666	28067833	2004	Indonesia
73	NGA	2	0	0	2	137502444	68751222	2004	Nigeria
74	IND	2	0	1	0	1079721000	539860500	2004	India
1	BHM	8	2	0	0	299286	37410	2000	Bahamas
2	AUS	131	16	25	17	19158366	146247	2000	Australia
3	CUB	73	11	11	7	11142000	152630	2000	Cuba
4	NOR	25	4	3	3	4483554	179342	2000	Norway
5	JAM	14	0	5	4	2610455	186461	2000	Jamaica
6	HUN	47	8	6	3	10186926	216743	2000	Hungary
7	NLD	70	12	9	4	15908833	227269	2000	Netherlands
8	EST	6	1	0	2	1371923	228653	2000	Estonia
9	BGR	34	5	6	2	7842124	230650	2000	Bulgaria
10	SVN	8	2	0	0	1976370	247046	2000	Slovenia
11	BRB	1	0	0	1	268906	268906	2000	Barbados
12	ISL	1	0	0	1	281014	281014	2000	Iceland
13	SWE	29	4	5	3	8870350	305874	2000	Sweden
14	LTU	11	2	0	3	3599014	327183	2000	Lithuania
15	LVA	7	1	1	1	2372000	338857	2000	Latvia
16	ROU	65	11	6	9	22178364	341205	2000	Romania
17	GRC	31	4	6	3	10759513	347081	2000	Greece
18	BLR	29	3	3	11	10125573	349157	2000	Belarus
19	DNK	15	2	3	1	5337344	355822	2000	Denmark
20	TTO	3	0	1	1	1155272	385090	2000	Trinidad and Tobago
21	CHE	18	1	6	2	7190774	399487	2000	Switzerland
22	FIN	11	2	1	1	5176198	470563	2000	Finland
23	SVK	11	1	3	1	5403318	491210	2000	Slovakia
24	NZL	7	1	0	3	3845120	549302	2000	New Zealand
25	CZE	17	2	3	3	10272933	604290	2000	Czech Republic
26	QAT	1	0	0	1	606339	606339	2000	Qatar
27	FRA	91	13	14	11	59040243	648793	2000	France
28	RUS	213	32	28	29	146731333	688879	2000	Russian Federation
29	ITA	81	13	8	13	57188114	706026	2000	Italy
30	DEU	112	13	17	26	82070000	732767	2000	Germany
31	PRK	62	8	10	10	46481423	749700	2000	South Korea
32	GEO	6	0	0	6	4720061	786676	2000	Georgia
33	KAZ	20	3	4	0	15808408	790420	2000	Kazakhstan
34	AUT	10	2	1	0	8011561	801156	2000	Austria
35	GBR	71	11	10	7	59627220	839820	2000	Great Britain
36	HRV	5	1	0	1	4429072	885814	2000	Croatia
37	AZE	9	2	0	1	8054445	894938	2000	Azerbaijan
38	POL	37	6	5	3	38648000	1044540	2000	Poland
39	UKR	42	3	10	10	49168243	1170672	2000	Ukraine
40	CAN	26	3	3	8	30826566	1185637	2000	Canada
41	USA	229	37	24	33	282224000	1232419	2000	United States
42	MDA	3	0	1	1	4240509	1413503	2000	Moldova
43	BEL	7	0	2	3	10248168	1464024	2000	Belgium
44	MKD	7	1	1	1	10348473	1478353	2000	Yugoslavia
45	URY	2	0	1	0	3227565	1613782	2000	Uruguay
46	ESP	23	3	3	5	39892123	1734440	2000	Spain
47	CRI	2	0	0	2	3544143	1772071	2000	Costa Rica
48	IRL	2	0	1	0	3801328	1900664	2000	Ireland
49	KEN	16	2	3	2	30456290	1903518	2000	Kenya
50	MKD	1	0	0	1	2015971	2015971	2000	Macedonia
51	KWT	1	0	0	1	2190000	2190000	2000	Kuwait
52	ETH	21	4	1	3	64183968	3056379	2000	Ethiopia
53	UZB	8	1	1	2	24650000	3081250	2000	Uzbekistan
54	JPN	41	5	8	5	126879614	3094624	2000	Japan
55	ARM	1	0	0	1	3169445	3169445	2000	Armenia
56	DZA	9	1	1	3	30950322	3438924	2000	Algeria
57	TWN	6	0	1	4	22350362	3725060	2000	Taiwan
58	CMR	4	1	0	0	15139138	3784784	2000	Cameroon
59	KOR	5	0	1	3	21939233	4387846	2000	North Korea
60	MOZ	4	1	0	0	18308580	4577145	2000	Mozambique
61	TUR	14	3	0	2	66251119	4732222	2000	Turkey
62	KGZ	1	0	0	1	4915300	4915300	2000	Kyrgyzstan
63	MAR	6	0	1	4	29651790	4941965	2000	Morocco
64	IRN	13	3	0	1	64315880	4947375	2000	Iran
65	PRT	2	0	0	2	10225800	5112900	2000	Portugal
66	ARG	6	0	2	2	36858473	6143078	2000	Argentina
67	ZAF	7	0	2	3	44333333	6333333	2000	South Africa
68	ISR	1	0	0	1	6338133	6338133	2000	Israel
69	SAU	3	0	1	1	21569237	7189745	2000	Saudi Arabia
70	CHN	158	28	16	14	1262374160	7989709	2000	China
71	MEX	11	1	2	3	99555200	9050472	2000	Mexico
72	LKA	2	0	1	0	19278725	9639362	2000	Sri Lanka
73	BRA	18	0	6	6	173857700	9658761	2000	Brazil
74	THA	6	1	0	2	62369873	10394978	2000	Thailand
75	COL	4	1	0	0	43193863	10798465	2000	Colombia
76	CHL	1	0	0	1	15411830	15411830	2000	Chile
77	IDN	12	1	3	2	212438070	17703172	2000	Indonesia
78	NGA	6	0	3	0	124772600	20795433	2000	Nigeria
79	VNM	2	0	1	0	77635400	38817700	2000	Vietnam
80	IND	1	0	0	1	1015923000	1015923000	2000	India
1	TON	2	0	1	0	98702	49351	1996	Tonga
2	BHM	2	0	1	0	275711	137855	1996	Bahamas
3	CUB	60	9	8	8	11074069	184567	1996	Cuba
4	JAM	12	1	3	2	2523738	210311	1996	Jamaica
5	NZL	17	3	2	1	3732000	219529	1996	New Zealand
6	HUN	46	7	4	10	10311160	224155	1996	Hungary
7	AUS	77	9	9	23	18311071	237806	1996	Australia
8	BGR	31	3	7	5	8356000	269548	1996	Bulgaria
9	DNK	19	4	1	1	5299197	278905	1996	Denmark
10	IRL	13	3	0	1	3633733	279517	1996	Ireland
11	NOR	15	2	2	3	4350333	290022	1996	Norway
12	CHE	22	4	3	0	7077661	321711	1996	Switzerland
13	CZE	26	4	3	4	10317040	396809	1996	Czech Republic
14	BLR	24	1	6	8	10160000	423333	1996	Belarus
15	NAM	4	0	2	0	1703213	425803	1996	Namibia
16	NLD	36	4	5	10	15520666	431129	1996	Netherlands
17	GRC	24	4	4	0	10678255	444927	1996	Greece
18	SWE	18	2	4	2	8835919	490884	1996	Sweden
19	SVN	4	0	2	0	1980233	495058	1996	Slovenia
20	ARM	6	1	1	0	3393012	565502	1996	Armenia
21	FIN	9	1	2	1	5112500	568055	1996	Finland
22	ROU	39	4	7	9	22290920	571562	1996	Romania
23	DEU	143	20	18	27	81912000	572811	1996	Germany
24	TTO	2	0	0	2	1220707	610353	1996	Trinidad and Tobago
25	KAZ	24	3	4	4	15577926	649080	1996	Kazakhstan
26	FRA	89	15	7	15	58142333	653284	1996	France
27	ITA	84	13	10	12	56834543	676601	1996	Italy
28	CAN	42	3	11	8	28984402	690104	1996	Canada
29	PRK	63	7	15	5	45333333	719576	1996	South Korea
30	BEL	14	2	2	2	10154000	725285	1996	Belgium
31	HRV	6	1	1	0	4420738	736789	1996	Croatia
32	SVK	7	1	1	1	5303376	757625	1996	Slovakia
33	CRI	4	1	0	0	3441399	860349	1996	Costa Rica
34	POL	43	7	5	5	38618000	898093	1996	Poland
35	RUS	162	26	21	16	147879333	912835	1996	Russian Federation
36	UKR	52	9	2	12	51057190	981869	1996	Ukraine
37	USA	265	44	32	25	267992598	1011292	1996	United States
38	ESP	38	5	6	6	39405383	1036983	1996	Spain
39	LVA	2	0	1	0	2479666	1239833	1996	Latvia
40	MKD	8	1	1	2	10617519	1327189	1996	Yugoslavia
41	MDA	3	0	1	1	4394664	1464888	1996	Moldova
42	HKG	4	1	0	0	6363000	1590750	1996	Hong Kong
43	KOR	12	2	1	2	21134070	1761172	1996	North Korea
44	KEN	15	1	4	3	28086135	1872409	1996	Kenya
45	AUT	4	0	1	2	7964966	1991241	1996	Austria
46	PRT	5	1	0	1	10052866	2010573	1996	Portugal
47	BDI	4	1	0	0	8135452	2033863	1996	Burundi
48	GBR	26	1	8	6	58267620	2241062	1996	Great Britain
49	GEO	2	0	0	2	4741897	2370948	1996	Georgia
50	MNG	1	0	0	1	2374906	2374906	1996	Mongolia
51	ZAF	15	3	1	1	41698653	2779910	1996	South Africa
52	DZA	9	2	0	1	28863705	3207078	1996	Algeria
53	TUR	19	4	1	1	63050508	3318447	1996	Turkey
54	ECU	4	1	0	0	13299776	3324944	1996	Ecuador
55	LTU	1	0	0	1	3605000	3605000	1996	Lithuania
56	PRI	1	0	0	1	3740766	3740766	1996	Puerto Rico
57	SYR	4	1	0	0	15074022	3768505	1996	Syria
58	AZE	2	0	1	0	7750733	3875366	1996	Azerbaijan
59	JPN	29	3	6	5	125697415	4334393	1996	Japan
60	ZMB	2	0	1	0	9601556	4800778	1996	Zambia
61	ISR	1	0	0	1	5692000	5692000	1996	Israel
62	BRA	27	3	3	9	160754591	5953873	1996	Brazil
63	ETH	9	2	0	1	56648421	6294269	1996	Ethiopia
64	MYS	3	0	1	1	20892150	6964050	1996	Malaysia
65	ARG	5	0	2	1	35265850	7053170	1996	Argentina
66	UZB	3	0	1	1	23225000	7741666	1996	Uzbekistan
67	NGA	13	2	1	3	110186663	8475897	1996	Nigeria
68	IRN	7	1	1	1	59879340	8554191	1996	Iran
69	TUN	1	0	0	1	9103533	9103533	1996	Tunisia
70	CHN	120	16	22	12	1216838000	10140316	1996	China
71	TWN	2	0	1	0	21505560	10752780	1996	Taiwan
72	THA	5	1	0	1	59744070	11948814	1996	Thailand
73	MAR	2	0	0	2	26858400	13429200	1996	Morocco
74	MOZ	1	0	0	1	16839733	16839733	1996	Mozambique
75	UGA	1	0	0	1	21533240	21533240	1996	Uganda
76	IDN	8	1	1	2	195457100	24432137	1996	Indonesia
77	PHL	2	0	1	0	81238686	40619343	1996	Philippines
78	MEX	1	0	0	1	95571266	95571266	1996	Mexico
79	IND	1	0	0	1	970507200	970507200	1996	India
1	CUB	79	14	6	11	10518743	133148	1992	Cuba
2	HUN	75	11	12	7	10432226	139096	1992	Hungary
3	NZL	17	1	4	5	3531700	207747	1992	New Zealand
4	NOR	17	2	4	1	4264372	250845	1992	Norway
5	BHM	1	0	0	1	256202	256202	1992	Bahamas
6	BGR	32	3	7	6	8522439	266326	1992	Bulgaria
7	AUS	57	7	9	11	17495000	306929	1992	Australia
8	EST	5	1	0	1	1547000	309400	1992	Estonia
9	JAM	7	0	3	1	2423044	346149	1992	Jamaica
10	NAM	4	0	2	0	1478370	369592	1992	Namibia
11	SWE	22	1	7	4	8633440	392429	1992	Sweden
12	DEU	202	33	21	28	80624000	399128	1992	Germany
13	SUR	1	0	0	1	410870	410870	1992	Suriname
14	CZE	21	4	2	1	10318000	491333	1992	Czechoslovakia
15	FIN	10	1	2	2	5008086	500808	1992	Finland
16	QAT	1	0	0	1	502284	502284	1992	Qatar
17	DNK	10	1	1	4	5170000	517000	1992	Denmark
18	LVA	5	0	2	1	2640333	528066	1992	Latvia
19	NLD	27	2	6	7	15178000	562148	1992	Netherlands
20	ESP	68	13	7	2	39226125	576854	1992	Spain
21	IRL	6	1	1	0	3551066	591844	1992	Ireland
22	ROU	36	4	6	8	22774724	632631	1992	Romania
23	PRK	70	12	5	12	44636833	637669	1992	South Korea
24	CAN	43	7	4	7	28472066	662141	1992	Canada
25	LTU	5	1	0	1	3700000	740000	1992	Lithuania
27	FRA	58	8	5	16	57265200	987331	1992	France
28	KOR	21	4	0	5	20798775	990417	1992	North Korea
29	SVN	2	0	0	2	1984468	992234	1992	Slovenia
30	USA	253	37	34	37	253406130	1001605	1992	United States
31	POL	34	3	6	10	38364700	1128373	1992	Poland
32	HRV	4	0	1	2	4681088	1170272	1992	Croatia
33	MNG	2	0	0	2	2435243	1217621	1992	Mongolia
34	GRC	8	2	0	0	10370000	1296250	1992	Greece
35	ITA	42	6	5	8	56789433	1352129	1992	Italy
36	KEN	18	2	4	2	25018570	1389920	1992	Kenya
37	GBR	38	5	3	12	57641450	1516880	1992	Great Britain
38	ISR	3	0	1	1	5123000	1707666	1992	Israel
39	CHE	4	1	0	0	6897000	1724250	1992	Switzerland
40	AUT	4	0	2	0	7865266	1966316	1992	Austria
41	BEL	4	0	1	2	10003970	2500992	1992	Belgium
42	JPN	39	3	8	11	123952389	3178266	1992	Japan
43	MAR	7	1	1	1	25109683	3587097	1992	Morocco
44	PRI	1	0	0	1	3597031	3597031	1992	Puerto Rico
45	TUR	14	2	2	2	58226333	4159023	1992	Turkey
46	DZA	5	1	0	1	26409415	5281883	1992	Algeria
47	ETH	6	1	0	2	53825333	8970888	1992	Ethiopia
48	ZAF	4	0	2	0	36951760	9237940	1992	South Africa
49	CHN	124	16	22	16	1168335000	9422056	1992	China
50	TWN	2	0	1	0	20802866	10401433	1992	Taiwan
51	PER	2	0	1	0	22549560	11274780	1992	Peru
52	NGA	7	0	3	1	95043897	13577699	1992	Nigeria
53	IDN	13	2	2	1	187401533	14415502	1992	Indonesia
54	IRN	4	0	1	2	59051100	14762775	1992	Iran
55	BRA	10	2	1	0	154254000	15425400	1992	Brazil
56	GHA	1	0	0	1	16164905	16164905	1992	Ghana
57	MYS	1	0	0	1	18817280	18817280	1992	Malaysia
58	ARG	1	0	0	1	33217893	33217893	1992	Argentina
59	COL	1	0	0	1	34402000	34402000	1992	Colombia
60	MEX	2	0	1	0	86369230	43184615	1992	Mexico
61	THA	1	0	0	1	56174440	56174440	1992	Thailand
62	PHL	1	0	0	1	69552916	69552916	1992	Philippines
63	PAK	1	0	0	1	117490000	117490000	1992	Pakistan
1	VGB	2	0	1	0	104500	52250	1988	Virgin Islands
2	DEU	248	37	35	30	16111000	64963	1988	East Germany
3	NLD	2	0	1	0	188025	94012	1988	Netherlands Antilles
4	SUR	4	1	0	0	395548	98887	1988	Suriname
5	BGR	77	10	12	13	8990339	116757	1988	Bulgaria
6	NZL	24	3	2	8	3350000	139583	1988	New Zealand
7	HUN	62	11	6	6	10419967	168063	1988	Hungary
8	NOR	14	2	3	0	4205751	300410	1988	Norway
9	ROU	56	7	11	6	22172180	395931	1988	Romania
10	DNK	11	2	1	1	5130000	466363	1988	Denmark
11	DJI	1	0	0	1	499258	499258	1988	Djibouti
12	CZE	20	3	3	2	10356000	517800	1988	Czechoslovakia
13	PRK	79	12	10	11	42031000	532037	1988	South Korea
14	SWE	15	0	4	7	8436500	562433	1988	Sweden
15	AUS	29	3	6	5	16360916	564169	1988	Australia
16	JAM	4	0	2	0	2356400	589100	1988	Jamaica
17	FIN	8	1	1	2	4952700	619087	1988	Finland
18	RUS	328	55	31	46	272000000	829268	1988	Soviet Union
19	DEU	87	11	14	15	72562666	834053	1988	West Germany
20	NLD	17	2	2	5	14760000	868235	1988	Netherlands
21	MKD	25	3	4	5	23400000	936000	1988	Yugoslavia
22	KEN	26	5	2	2	24560166	944621	1988	Kenya
23	USA	233	36	31	27	244499000	1049351	1988	United States
24	CHE	6	0	2	2	6577000	1096166	1988	Switzerland
25	GBR	49	5	10	9	57251666	1168401	1988	Great Britain
26	CAN	21	3	2	5	26580000	1265714	1988	Canada
27	POL	27	2	5	9	38238327	1416234	1988	Poland
28	FRA	38	6	4	6	56249577	1480252	1988	France
29	CRI	2	0	1	0	3118636	1559318	1988	Costa Rica
30	ITA	36	6	4	4	56629000	1573027	1988	Italy
31	AUT	4	1	0	0	7591922	1897980	1988	Austria
32	MNG	1	0	0	1	2031974	2031974	1988	Mongolia
33	PRT	4	1	0	0	9683700	2420925	1988	Portugal
34	SEN	2	0	1	0	7523057	3761528	1988	Senegal
35	MAR	6	1	0	2	23222493	3870415	1988	Morocco
36	JPN	29	4	3	7	123154083	4246692	1988	Japan
37	ESP	8	1	1	2	38691033	4836379	1988	Spain
38	BEL	2	0	0	2	9910533	4955266	1988	Belgium
39	CHL	2	0	1	0	13424960	6712480	1988	Chile
40	TUR	6	1	1	0	53723000	8953833	1988	Turkey
41	GRC	1	0	0	1	10037000	10037000	1988	Greece
42	PER	2	0	1	0	21061497	10530748	1988	Peru
43	ARG	3	0	1	1	31622960	10540986	1988	Argentina
44	BRA	11	1	2	3	144312666	13119333	1988	Brazil
45	CHN	54	5	11	12	1148398333	21266635	1988	China
46	IRN	2	0	1	0	51736581	25868290	1988	Iran
47	COL	1	0	0	1	33540070	33540070	1988	Colombia
48	MEX	2	0	0	2	80984086	40492043	1988	Mexico
49	THA	1	0	0	1	54960900	54960900	1988	Thailand
50	PHL	1	0	0	1	58290040	58290040	1988	Philippines
51	IDN	2	0	1	0	171994100	85997050	1988	Indonesia
52	PAK	1	0	0	1	103551333	103551333	1988	Pakistan
1	NZL	36	8	1	2	3252800	90355	1984	New Zealand
2	ROU	129	20	16	17	22624750	175385	1984	Romania
3	FIN	26	4	2	6	4885900	187919	1984	Finland
4	SWE	36	2	11	6	8338866	231635	1984	Sweden
5	ISL	1	0	0	1	239000	239000	1984	Iceland
6	CAN	92	10	18	16	25215333	274079	1984	Canada
7	AUS	44	4	8	12	15544000	353272	1984	Australia
8	NLD	30	5	2	6	14422000	480733	1984	Netherlands
9	USA	484	83	61	30	235825000	487241	1984	United States
10	MKD	43	7	4	7	22438331	521821	1984	Yugoslavia
11	CHE	12	0	4	4	6446633	537219	1984	Switzerland
12	DEU	129	17	19	23	72247100	560055	1984	West Germany
13	DNK	9	0	3	3	5112000	568000	1984	Denmark
14	JAM	4	0	1	2	2279900	569975	1984	Jamaica
15	ITA	80	14	6	12	56637333	707966	1984	Italy
16	GBR	63	5	11	21	56506000	896920	1984	Great Britain
17	PRK	43	6	6	7	40244333	935914	1984	South Korea
18	NOR	4	0	1	2	4140000	1035000	1984	Norway
19	AUT	7	1	1	1	7555000	1079285	1984	Austria
20	FRA	50	5	7	16	54947000	1098940	1984	France
21	PRI	3	0	1	1	3344191	1114730	1984	Puerto Rico
22	BEL	8	1	1	2	9855233	1231904	1984	Belgium
23	PRT	6	1	0	2	10018615	1669769	1984	Portugal
24	JPN	70	10	8	14	120705282	1724361	1984	Japan
25	IRL	2	0	1	0	3529000	1764500	1984	Ireland
26	MAR	8	2	0	0	21306250	2663281	1984	Morocco
27	KEN	6	1	0	2	19259060	3209843	1984	Kenya
28	GRC	3	0	1	1	9896000	3298666	1984	Greece
29	ESP	10	1	2	2	38273000	3827300	1984	Spain
30	MEX	15	2	3	1	75498840	5033256	1984	Mexico
31	SYR	2	0	1	0	10273400	5136700	1984	Syria
32	VEN	3	0	0	3	16993080	5664360	1984	Venezuela
34	DOM	1	0	0	1	6293215	6293215	1984	Dominican Republic
35	ZMB	1	0	0	1	6504934	6504934	1984	Zambia
36	BRA	16	1	5	2	133213100	8325818	1984	Brazil
37	PER	2	0	1	0	19096973	9548486	1984	Peru
38	CMR	1	0	0	1	9783702	9783702	1984	Cameroon
39	DZA	2	0	0	2	21432730	10716365	1984	Algeria
40	CHN	85	15	8	9	1027275096	12085589	1984	China
41	COL	2	0	1	0	29386986	14693493	1984	Colombia
42	TUR	3	0	0	3	49076000	16358666	1984	Turkey
43	TWN	1	0	0	1	18451500	18451500	1984	Taiwan
44	PAK	4	1	0	0	92619533	23154883	1984	Pakistan
45	EGY	2	0	1	0	48405820	24202910	1984	Egypt
46	THA	2	0	1	0	50053793	25026896	1984	Thailand
47	NGA	3	0	1	1	85056526	28352175	1984	Nigeria
1	DEU	304	47	37	42	16700000	54934	1980	East Germany
2	BGR	81	8	16	17	8890883	109763	1980	Bulgaria
3	HUN	63	7	10	15	10708153	169970	1980	Hungary
4	CUB	51	8	7	5	9671056	189628	1980	Cuba
5	FIN	18	3	1	4	4787785	265988	1980	Finland
6	MNG	6	0	2	2	1687664	281277	1980	Mongolia
7	SWE	24	3	3	6	8310000	346250	1980	Sweden
8	DNK	12	2	1	2	5122065	426838	1980	Denmark
9	CZE	23	2	3	9	10232000	444869	1980	Czechoslovakia
10	ROU	49	6	6	13	22201000	453081	1980	Romania
11	RUS	504	80	69	46	272000000	539682	1980	Soviet Union
12	POL	55	3	14	15	35682605	648774	1980	Poland
13	JAM	3	0	0	3	2133000	711000	1980	Jamaica
14	GUY	1	0	0	1	760860	760860	1980	Guyana
15	CHE	8	2	0	0	6334666	791833	1980	Switzerland
16	AUT	9	1	2	1	7553000	839222	1980	Austria
17	AUS	17	2	2	5	14574486	857322	1980	Australia
18	IRL	3	0	1	1	3416900	1138966	1980	Ireland
19	GBR	43	5	7	9	56330000	1310000	1980	Great Britain
20	MKD	18	2	3	4	23591523	1310640	1980	Yugoslavia
21	ITA	42	8	3	4	56456650	1344205	1980	Italy
22	FRA	37	6	5	3	54028204	1460221	1980	France
23	GRC	6	1	0	2	9642666	1607111	1980	Greece
24	ZWE	4	1	0	0	7310103	1827525	1980	Zimbabwe
25	KOR	8	0	3	2	17196230	2149528	1980	North Korea
26	BEL	4	1	0	0	9847666	2461916	1980	Belgium
27	LBN	1	0	0	1	2784713	2784713	1980	Lebanon
28	ESP	12	1	3	2	37386000	3115500	1980	Spain
29	NLD	4	0	1	2	14150000	3537500	1980	Netherlands
30	ETH	10	2	0	2	37156819	3715681	1980	Ethiopia
31	TZA	4	0	2	0	18681430	4670357	1980	Tanzania
32	UGA	2	0	1	0	12597066	6298533	1980	Uganda
33	VEN	2	0	1	0	15068813	7534406	1980	Venezuela
34	BRA	10	2	0	2	121615000	12161500	1980	Brazil
35	MEX	5	0	1	3	68265000	13653000	1980	Mexico
36	IND	4	1	0	0	688144000	172036000	1980	India
1	BMU	1	0	0	1	53200	53200	1976	Bermuda
2	DEU	235	40	25	25	16786000	71429	1976	East Germany
3	BGR	49	6	9	7	8759000	178755	1976	Bulgaria
4	FIN	20	4	2	0	4726000	236300	1976	Finland
5	TTO	4	1	0	0	1022655	255663	1976	Trinidad and Tobago
6	HUN	39	4	5	13	10589000	271512	1976	Hungary
7	CUB	35	6	4	3	9503174	271519	1976	Cuba
8	NZL	11	2	1	1	3111000	282818	1976	New Zealand
9	JAM	6	1	1	0	2037716	339619	1976	Jamaica
10	ROU	48	4	9	14	21446000	446791	1976	Romania
11	SWE	18	4	1	0	8226733	457040	1976	Sweden
12	CZE	16	2	2	4	10104000	631500	1976	Czechoslovakia
13	POL	53	7	6	13	34362000	648339	1976	Poland
14	NOR	6	1	1	0	4026000	671000	1976	Norway
15	MNG	2	0	1	0	1504213	752106	1976	Mongolia
16	CHE	8	1	1	2	6331666	791458	1976	Switzerland
17	DEU	81	10	12	17	67143333	828930	1976	West Germany
18	RUS	313	49	41	35	262436000	838453	1976	Soviet Union
19	DNK	6	1	0	2	5073000	845500	1976	Denmark
20	USA	231	34	35	25	218035054	943874	1976	United States
21	BEL	9	0	3	3	9814500	1090500	1976	Belgium
22	MKD	17	2	3	3	22419165	1318774	1976	Yugoslavia
23	CAN	16	0	5	6	23342866	1458929	1976	Canada
24	JPN	58	9	6	10	112493881	1939549	1976	Japan
25	NLD	7	0	2	3	13774000	1967714	1976	Netherlands
26	GBR	27	3	5	5	56263040	2083816	1976	Great Britain
27	ITA	26	2	7	4	54927273	2112587	1976	Italy
28	AUS	6	0	1	4	13939663	2323277	1976	Australia
29	PRT	4	0	2	0	9355000	2338750	1976	Portugal
30	KOR	6	1	1	0	16272326	2712054	1976	North Korea
31	FRA	18	2	3	4	52946000	2941444	1976	France
32	PRI	1	0	0	1	3043855	3043855	1976	Puerto Rico
33	PRK	10	1	1	4	35849000	3584900	1976	South Korea
34	VEN	2	0	1	0	13166660	6583330	1976	Venezuela
35	AUT	1	0	0	1	7556666	7556666	1976	Austria
36	ESP	4	0	2	0	35937000	8984250	1976	Spain
37	IRN	3	0	1	1	32639100	10879700	1976	Iran
38	MEX	5	1	0	1	60821700	12164340	1976	Mexico
39	THA	1	0	0	1	42617053	42617053	1976	Thailand
40	BRA	2	0	0	2	110707400	55353700	1976	Brazil
41	PAK	1	0	0	1	72992793	72992793	1976	Pakistan
1	DEU	149	20	23	23	17043000	114382	1972	East Germany
2	HUN	66	6	13	16	10394000	157484	1972	Hungary
3	BGR	49	6	10	5	8626590	176052	1972	Bulgaria
4	SWE	34	4	6	6	8122000	238882	1972	Sweden
5	FIN	18	3	1	4	4640000	257777	1972	Finland
6	AUS	48	8	7	2	13140421	273758	1972	Australia
7	NOR	11	2	1	1	3927933	357084	1972	Norway
8	NZL	7	1	1	1	2911066	415866	1972	New Zealand
9	CUB	18	3	1	4	8844851	491380	1972	Cuba
10	CZE	18	2	4	2	9883000	549055	1972	Czechoslovakia
11	ROU	31	3	6	7	20662900	666545	1972	Romania
12	MNG	2	0	1	0	1333214	666607	1972	Mongolia
13	DEU	90	13	11	16	61187000	679855	1972	West Germany
14	POL	47	7	5	9	33068000	703574	1972	Poland
15	KEN	18	2	3	4	13741126	763395	1972	Kenya
16	NLD	15	3	1	1	13309200	887280	1972	Netherlands
17	USA	224	33	31	30	207667975	927089	1972	United States
18	RUS	276	50	27	22	262436000	950855	1972	Soviet Union
19	CHE	6	0	3	0	6343666	1057277	1972	Switzerland
20	KOR	9	1	1	3	10106003	1122889	1972	North Korea
21	DNK	4	1	0	0	4992000	1248000	1972	Denmark
22	LBN	2	0	1	0	2580793	1290396	1972	Lebanon
23	JPN	76	13	8	8	106032020	1395158	1972	Japan
24	ITA	36	5	3	10	54381000	1510583	1972	Italy
25	GBR	35	4	5	9	56096892	1602768	1972	Great Britain
26	UGA	6	1	1	0	9857853	1642975	1972	Uganda
27	MKD	12	2	1	2	20522972	1710247	1972	Yugoslavia
28	AUT	4	0	1	2	7510000	1877500	1972	Austria
29	JAM	1	0	0	1	1934162	1934162	1972	Jamaica
30	GRC	4	0	2	0	8889000	2222250	1972	Greece
31	FRA	23	2	4	7	51701000	2247869	1972	France
32	BEL	4	0	2	0	9714966	2428741	1972	Belgium
33	TUN	2	0	1	0	5294325	2647162	1972	Tunisia
34	CAN	7	0	2	3	22001000	3143000	1972	Canada
35	NER	1	0	0	1	4866367	4866367	1972	Niger
36	COL	4	0	1	2	23622510	5905627	1972	Colombia
37	IRN	5	0	2	1	30085000	6017000	1972	Iran
38	ARG	2	0	1	0	24373967	12186983	1972	Argentina
39	GHA	1	0	0	1	12821052	12821052	1972	Ghana
40	ETH	2	0	0	2	30479140	15239570	1972	Ethiopia
41	PRK	2	0	1	0	33345433	16672716	1972	South Korea
42	TUR	2	0	1	0	37189780	18594890	1972	Turkey
43	MEX	2	0	1	0	53922900	26961450	1972	Mexico
44	PAK	2	0	1	0	64809500	32404750	1972	Pakistan
45	ESP	1	0	0	1	34489333	34489333	1972	Spain
46	BRA	2	0	0	2	98201145	49100572	1972	Brazil
47	NGA	1	0	0	1	57925733	57925733	1972	Nigeria
48	IND	1	0	0	1	573129900	573129900	1972	India
1	HUN	72	10	10	12	10267666	142606	1968	Hungary
2	MNG	5	0	1	3	1187194	237438	1968	Mongolia
3	CZE	36	7	2	4	9838666	273296	1968	Czechoslovakia
4	DEU	61	9	9	7	17084000	280065	1968	East Germany
5	AUS	39	5	7	5	11939026	306128	1968	Australia
6	DNK	15	1	4	3	4866333	324422	1968	Denmark
7	MKD	20	3	3	2	8385000	419250	1968	Yugoslavia
8	BGR	19	2	4	3	8369801	440515	1968	Bulgaria
9	NZL	6	1	0	2	2749833	458305	1968	New Zealand
10	KEN	22	3	4	2	10522500	478295	1968	Kenya
11	FIN	9	1	2	1	4626000	514000	1968	Finland
12	ROU	33	4	6	5	19721000	597606	1968	Romania
13	NOR	6	1	1	0	3754266	625711	1968	Norway
14	NLD	19	3	3	1	12733492	670183	1968	Netherlands
15	SWE	11	2	1	1	7914000	719454	1968	Sweden
16	USA	270	45	28	34	200270333	741741	1968	United States
17	JAM	2	0	1	0	1823706	911853	1968	Jamaica
18	POL	35	5	2	11	32305000	923000	1968	Poland
19	TUN	5	1	0	1	4933131	986626	1968	Tunisia
20	CHE	6	0	1	4	6068000	1011333	1968	Switzerland
21	CUB	8	0	4	0	8215427	1026928	1968	Cuba
22	RUS	210	29	32	30	226253000	1077395	1968	Soviet Union
23	DEU	52	5	11	10	60165000	1157019	1968	West Germany
24	AUT	6	0	2	2	7362000	1227000	1968	Austria
25	FRA	39	7	3	5	49909847	1279739	1968	France
26	JPN	65	11	7	7	101947353	1568420	1968	Japan
27	GBR	33	5	5	3	55214000	1673151	1968	Great Britain
28	ITA	29	3	4	9	53236000	1835724	1968	Italy
29	CAN	11	1	3	1	20744000	1885818	1968	Canada
30	IRN	12	2	1	2	26906453	2242204	1968	Iran
31	MEX	21	3	3	3	47463130	2260149	1968	Mexico
32	VEN	4	1	0	0	9408560	2352140	1968	Venezuela
33	UGA	3	0	1	1	8924261	2974753	1968	Uganda
34	CMR	2	0	1	0	6314845	3157422	1968	Cameroon
35	BEL	3	0	1	1	9603966	3201322	1968	Belgium
36	TUR	8	2	0	0	33577806	4197225	1968	Turkey
37	ETH	6	1	1	0	25448700	4241450	1968	Ethiopia
38	GRC	1	0	0	1	8741000	8741000	1968	Greece
39	PRK	3	0	1	1	30838000	10279333	1968	South Korea
40	ARG	2	0	0	2	23207940	11603970	1968	Argentina
41	PAK	4	1	0	0	57119700	14279925	1968	Pakistan
42	BRA	4	0	1	2	91314610	22828652	1968	Brazil
43	IND	1	0	0	1	520383400	520383400	1968	India
44	CHN	1	0	0	1	782145333	782145333	1968	Republic of China
1	BHM	4	1	0	0	134072	33518	1964	Bahamas
2	HUN	59	10	7	5	9762666	165468	1964	Hungary
3	NZL	14	3	0	2	2585000	184642	1964	New Zealand
4	TTO	4	0	1	2	885746	221436	1964	Trinidad and Tobago
5	CZE	35	5	6	3	9687333	276780	1964	Czechoslovakia
6	AUS	38	6	2	10	11167000	293868	1964	Australia
7	FIN	14	3	0	2	4549000	324928	1964	Finland
8	BGR	24	3	5	2	8144000	339333	1964	Bulgaria
9	DNK	13	2	1	3	4720000	363076	1964	Denmark
10	SWE	16	2	2	4	7661000	478812	1964	Sweden
11	NLD	20	2	4	4	12127000	606350	1964	Netherlands
12	POL	50	7	6	10	31161000	623220	1964	Poland
13	CHE	9	1	2	1	5789000	643222	1964	Switzerland
14	MKD	12	2	1	2	7958800	663233	1964	Yugoslavia
15	DEU	102	10	22	18	74954000	734843	1964	Germany
16	ITA	67	10	10	7	51752266	772421	1964	Italy
17	USA	224	36	26	28	191889000	856647	1964	United States
18	ROU	22	2	4	6	20159666	916348	1964	Romania
19	RUS	217	30	31	35	226253000	1042640	1964	Soviet Union
20	BEL	9	2	0	1	9391037	1043448	1964	Belgium
21	JPN	82	16	5	8	97611333	1190382	1964	Japan
22	GBR	42	4	12	2	53929666	1284039	1964	Great Britain
23	TUN	3	0	1	1	4537611	1512537	1964	Tunisia
24	FRA	26	1	8	6	48310000	1858076	1964	France
25	TUR	15	2	3	1	30392040	2026136	1964	Turkey
26	CAN	9	1	2	1	19325000	2147222	1964	Canada
27	IRL	1	0	0	1	2857000	2857000	1964	Ireland
28	URY	1	0	0	1	2879041	2879041	1964	Uruguay
29	CUB	2	0	1	0	7592010	3796005	1964	Cuba
30	PRK	5	0	2	1	27836900	5567380	1964	South Korea
31	ETH	4	1	0	0	24785790	6196447	1964	Ethiopia
32	GHA	1	0	0	1	7864510	7864510	1964	Ghana
33	KEN	1	0	0	1	9176796	9176796	1964	Kenya
34	ARG	2	0	1	0	21953920	10976960	1964	Argentina
35	IRN	2	0	0	2	24115385	12057692	1964	Iran
36	PHL	2	0	1	0	30694546	15347273	1964	Philippines
37	PAK	2	0	1	0	51203690	25601845	1964	Pakistan
38	MEX	1	0	0	1	41183253	41183253	1964	Mexico
39	NGA	1	0	0	1	46997973	46997973	1964	Nigeria
40	BRA	1	0	0	1	80807546	80807546	1964	Brazil
41	IND	4	1	0	0	476060900	119015225	1964	India
1	AUS	54	8	8	6	10314500	191009	1960	Australia
2	HUN	47	6	8	7	9984001	212425	1960	Hungary
3	NZL	9	2	0	1	2387799	265311	1960	New Zealand
4	DNK	15	2	3	1	4581000	305400	1960	Denmark
5	FIN	9	1	1	3	4430001	492222	1960	Finland
6	CZE	19	3	2	3	10947750	576197	1960	Czechoslovakia
7	ITA	85	13	10	13	50398489	592923	1960	Italy
8	CHE	9	0	3	3	5361995	595777	1960	Switzerland
9	BGR	13	1	3	3	8115905	624300	1960	Bulgaria
10	SWE	11	1	2	3	7480001	680000	1960	Sweden
11	DEU	97	12	19	11	72674000	749216	1960	Germany
12	POL	39	4	6	11	29561000	757974	1960	Poland
13	SGP	2	0	1	0	1646133	823066	1960	Singapore
14	RUS	261	43	29	31	218000000	835249	1960	Soviet Union
15	TUR	32	7	2	0	27509000	859656	1960	Turkey
16	NOR	4	1	0	0	3570554	892638	1960	Norway
17	ROU	20	3	1	6	18403000	920150	1960	Romania
18	USA	194	34	21	16	180221733	928978	1960	United States
19	AUT	6	1	1	0	7270833	1211805	1960	Austria
20	BEL	6	0	2	2	9136000	1522666	1960	Belgium
22	GBR	32	2	6	12	52372333	1636635	1960	Great Britain
23	GRC	4	1	0	0	8327000	2081750	1960	Greece
24	JPN	37	4	7	7	94096000	2543135	1960	Japan
25	NLD	4	0	1	2	11484420	2871105	1960	Netherlands
26	MKD	6	1	1	0	18401000	3066833	1960	Yugoslavia
27	GHA	2	0	1	0	6852515	3426257	1960	Ghana
28	ZAF	4	0	1	2	16464000	4116000	1960	South Africa
29	IRN	5	0	1	3	21554000	4310800	1960	Iran
30	PRT	2	0	1	0	8897170	4448585	1960	Portugal
31	MAR	2	0	1	0	11634810	5817405	1960	Morocco
32	ETH	4	1	0	0	23481000	5870250	1960	Ethiopia
33	FRA	7	0	2	3	45684000	6526285	1960	France
34	ARG	3	0	1	1	20744006	6914668	1960	Argentina
35	IRQ	1	0	0	1	7332126	7332126	1960	Iraq
36	VEN	1	0	0	1	7578904	7578904	1960	Venezuela
37	EGY	3	0	1	1	26401333	8800444	1960	Egypt
38	CAN	2	0	1	0	18005670	9002835	1960	Canada
39	PAK	5	1	0	1	45851000	9170200	1960	Pakistan
40	ESP	1	0	0	1	30455080	30455080	1960	Spain
41	BRA	2	0	0	2	72742370	36371185	1960	Brazil
42	MEX	1	0	0	1	36939890	36939890	1960	Mexico
43	IND	2	0	1	0	433720333	216860166	1960	India
44	CHN	2	0	1	0	667070000	333535000	1960	Republic of China
1	ISL	2	0	1	0	179666	89833	1956	Iceland
2	BHM	1	0	0	1	99881	99881	1956	Bahamas
3	AUS	82	13	8	14	9425708	114947	1956	Australia
4	SWE	48	8	5	6	7298000	152041	1956	Sweden
5	HUN	63	9	10	7	9947501	157896	1956	Hungary
6	FIN	25	3	1	11	4438111	177524	1956	Finland
7	NZL	8	2	0	0	2251766	281470	1956	New Zealand
8	IRL	9	1	1	3	2898188	322020	1956	Ireland
9	DNK	9	1	2	1	4466000	496222	1956	Denmark
10	ROU	31	5	3	5	17489466	564176	1956	Romania
11	NOR	6	1	0	2	3408161	568026	1956	Norway
12	BGR	11	1	3	1	7601136	691012	1956	Bulgaria
13	CZE	13	1	4	1	10919554	839965	1956	Czechoslovakia
14	ITA	57	8	8	9	49559850	869471	1956	Italy
15	USA	195	32	25	17	174787015	896343	1956	United States
16	RUS	238	37	29	32	213517500	897132	1956	Soviet Union
17	GBR	49	6	7	11	52373000	1068836	1956	Great Britain
18	CAN	13	2	1	3	16095000	1238076	1956	Canada
19	DEU	57	6	13	7	72024000	1263578	1956	Germany
20	MKD	6	0	3	0	7583000	1263833	1956	Yugoslavia
21	FRA	30	4	4	6	43301081	1443369	1956	France
22	CHL	6	0	2	2	8717000	1452833	1956	Chile
23	TUR	18	3	2	2	26170000	1453888	1956	Turkey
24	IRN	13	2	2	1	20702666	1592512	1956	Iran
25	POL	16	1	4	4	28562000	1785125	1956	Poland
26	JPN	41	4	10	5	89800176	2190248	1956	Japan
27	BEL	4	0	2	0	8998133	2249533	1956	Belgium
28	URY	1	0	0	1	2483538	2483538	1956	Uruguay
29	AUT	2	0	0	2	7016000	3508000	1956	Austria
30	ZAF	4	0	0	4	16928666	4232166	1956	South Africa
31	CHE	1	0	0	1	5278685	5278685	1956	Switzerland
32	ARG	3	0	1	1	19726003	6575334	1956	Argentina
33	MEX	5	1	0	1	35145593	7029118	1956	Mexico
34	PRK	3	0	1	1	22150363	7383454	1956	South Korea
35	GRC	1	0	0	1	8129666	8129666	1956	Greece
36	BRA	4	1	0	0	70119071	17529767	1956	Brazil
37	PAK	2	0	1	0	39455666	19727833	1956	Pakistan
38	IND	4	1	0	0	422344000	105586000	1956	India
1	LUX	4	1	0	0	299000	74750	1952	Luxembourg
2	SWE	84	12	13	10	7151000	85130	1952	Sweden
3	HUN	100	16	10	16	9452000	94520	1952	Hungary
4	FIN	43	6	3	13	4073484	94732	1952	Finland
5	JAM	14	2	3	0	1446698	103335	1952	Jamaica
6	CHE	26	2	6	6	4815000	185192	1952	Switzerland
7	NOR	16	3	2	0	3368080	210505	1952	Norway
8	AUS	31	6	2	3	8564744	276282	1952	Australia
9	CZE	37	7	3	3	11716700	316667	1952	Czechoslovakia
10	TTO	2	0	0	2	662950	331475	1952	Trinidad and Tobago
11	DNK	13	2	1	3	4334666	333435	1952	Denmark
12	NZL	6	1	0	2	2031833	338638	1952	New Zealand
13	LBN	3	0	1	1	1500000	500000	1952	Lebanon
14	ZAF	20	2	4	4	13955311	697765	1952	South Africa
15	BEL	12	2	2	0	8730000	727500	1952	Belgium
16	USA	215	40	19	17	156954000	730018	1952	United States
17	ITA	54	8	9	4	47385000	877500	1952	Italy
18	MKD	8	1	2	0	7291500	911437	1952	Yugoslavia
19	FRA	42	6	6	6	41306000	983476	1952	France
20	NLD	10	0	5	0	10328300	1032830	1952	Netherlands
21	RUS	167	22	30	19	182321000	1091742	1952	Soviet Union
22	URY	2	0	0	2	2254321	1127160	1952	Uruguay
23	IRL	2	0	1	0	2951000	1475500	1952	Ireland
24	CHL	4	0	2	0	6351333	1587833	1952	Chile
25	IRN	10	0	3	4	17067000	1706700	1952	Iran
26	ARG	10	1	2	2	17824000	1782400	1952	Argentina
27	CAN	8	1	2	0	14704333	1838041	1952	Canada
28	ROU	8	1	1	2	17059725	2132465	1952	Romania
29	DEU	31	0	7	17	68921333	2223268	1952	Germany
30	AUT	3	0	1	1	6928000	2309333	1952	Austria
31	TUR	9	2	0	1	21442835	2382537	1952	Turkey
32	POL	9	1	2	1	25380500	2820055	1952	Poland
33	GBR	16	1	2	8	50361500	3147593	1952	Great Britain
34	JPN	18	1	6	2	85604666	4755814	1952	Japan
35	VEN	1	0	0	1	5391000	5391000	1952	Venezuela
36	BGR	1	0	0	1	7274900	7274900	1952	Bulgaria
37	PRT	1	0	0	1	8503120	8503120	1952	Portugal
38	BRA	6	1	0	2	53518698	8919783	1952	Brazil
39	PRK	2	0	0	2	20543333	10271666	1952	South Korea
40	ESP	2	0	1	0	28474000	14237000	1952	Spain
41	MEX	2	0	1	0	30258666	15129333	1952	Mexico
42	EGY	1	0	0	1	21699100	21699100	1952	Egypt
43	IND	5	1	0	1	359615500	71923100	1952	India
1	SWE	103	16	11	17	6896000	66951	1948	Sweden
2	FIN	51	8	7	5	4040600	79227	1948	Finland
3	DNK	42	5	7	8	4190000	99761	1948	Denmark
4	CHE	45	5	10	5	4599333	102207	1948	Switzerland
5	HUN	62	10	5	12	9220933	148724	1948	Hungary
6	JAM	8	1	2	0	1345000	168125	1948	Jamaica
7	NOR	13	1	3	3	3192250	245557	1948	Norway
8	NLD	33	5	2	9	9743933	295270	1948	Netherlands
9	TTO	2	0	1	0	600000	300000	1948	Trinidad and Tobago
10	AUS	25	2	6	5	7708840	308353	1948	Australia
11	CZE	31	6	2	3	10371241	334556	1948	Czechoslovakia
12	PAN	2	0	0	2	831000	415500	1948	Panama
13	BEL	15	2	2	3	8557000	570466	1948	Belgium
14	TUR	34	6	4	2	19711000	579735	1948	Turkey
15	FRA	65	10	6	13	41356000	636246	1948	France
16	USA	225	38	27	19	149037932	662390	1948	United States
17	URY	3	0	1	1	2144000	714666	1948	Uruguay
18	ITA	62	8	11	8	46381000	748080	1948	Italy
19	ARG	19	3	3	1	16989440	894181	1948	Argentina
20	AUT	7	1	0	3	6953000	993285	1948	Austria
21	ZAF	11	2	1	1	11957000	1087000	1948	South Africa
22	GBR	46	3	14	6	50026000	1087521	1948	Great Britain
23	EGY	13	2	2	1	19529000	1502230	1948	Egypt
24	PER	4	1	0	0	7646333	1911583	1948	Peru
25	MEX	12	2	1	2	25084005	2090333	1948	Mexico
26	PRI	1	0	0	1	2176666	2176666	1948	Puerto Rico
27	LKA	2	0	1	0	4697000	2348500	1948	Ceylon
28	CUB	2	0	1	0	5284000	2642000	1948	Cuba
29	PRT	3	0	1	1	8262000	2754000	1948	Portugal
30	CAN	4	0	1	2	13218333	3304583	1948	Canada
31	MKD	4	0	2	0	15700000	3925000	1948	Yugoslavia
32	PRK	2	0	0	2	19409365	9704682	1948	South Korea
33	ESP	2	0	1	0	28524080	14262040	1948	Spain
34	IRN	1	0	0	1	16168000	16168000	1948	Iran
35	POL	1	0	0	1	23980000	23980000	1948	Poland
36	BRA	1	0	0	1	50767198	50767198	1948	Brazil
37	IND	4	1	0	0	349430000	87357500	1948	India
1	EST	15	2	2	3	1129471	75298	1936	Estonia
2	FIN	46	7	6	6	3693950	80303	1936	Finland
3	SWE	43	6	5	9	6259000	145558	1936	Sweden
4	CHE	27	1	9	5	4100933	151886	1936	Switzerland
5	HUN	47	10	1	5	9115758	193952	1936	Hungary
6	NLD	39	6	4	7	8303796	212917	1936	Netherlands
7	AUT	31	4	6	3	6758000	218000	1936	Austria
8	NOR	12	1	3	2	2898800	241566	1936	Norway
9	DEU	214	33	26	30	67350000	314719	1936	Germany
10	NZL	4	1	0	0	1573804	393451	1936	New Zealand
11	DNK	7	0	2	3	3714174	530596	1936	Denmark
12	CZE	22	3	5	0	12701961	577361	1936	Czechoslovakia
13	LVA	3	0	1	1	1961000	653666	1936	Latvia
14	CAN	15	1	3	5	11192333	746155	1936	Canada
15	ITA	55	8	9	5	42943602	780792	1936	Italy
16	USA	148	24	20	12	128138393	865799	1936	United States
17	ARG	15	2	2	3	13620000	908000	1936	Argentina
18	FRA	46	7	6	6	42360548	920881	1936	France
19	EGY	12	2	1	2	15801000	1316750	1936	Egypt
20	GBR	33	4	7	3	44933333	1361616	1936	Great Britain
21	JPN	40	6	4	8	69924100	1748102	1936	Japan
22	TUR	5	1	0	1	16676000	3335200	1936	Turkey
23	POL	9	0	3	3	33820000	3757777	1936	Poland
24	BEL	2	0	0	2	8302533	4151266	1936	Belgium
25	ZAF	2	0	1	0	10000000	5000000	1936	South Africa
26	MKD	2	0	1	0	11894911	5947455	1936	Yugoslavia
27	MEX	3	0	0	3	19675000	6558333	1936	Mexico
28	AUS	1	0	0	1	6778372	6778372	1936	Australia
29	PRT	1	0	0	1	7338000	7338000	1936	Portugal
30	ROU	2	0	1	0	18672618	9336309	1936	Romania
31	PHL	1	0	0	1	15542151	15542151	1936	Philippines
32	IND	4	1	0	0	316892896	79223224	1936	India
1	FIN	48	5	8	12	3632666	75680	1932	Finland
2	SWE	55	9	5	9	6185588	112465	1932	Sweden
3	HUN	37	6	4	5	8783600	237394	1932	Hungary
4	IRL	8	2	0	0	2956000	369500	1932	Ireland
5	DNK	9	0	3	3	3603000	400333	1932	Denmark
6	CAN	26	2	5	8	10510000	404230	1932	Canada
7	AUS	15	3	1	1	6560103	437340	1932	Australia
8	NLD	18	2	5	0	8122000	451222	1932	Netherlands
9	USA	258	41	32	30	124876647	484018	1932	United States
10	ITA	84	12	12	12	41580000	495000	1932	Italy
11	AUT	9	1	1	3	6725000	747222	1932	Austria
12	NZL	2	0	1	0	1530850	765425	1932	New Zealand
13	FRA	54	10	5	4	41692000	772074	1932	France
14	ZAF	11	2	0	3	8824666	802242	1932	South Africa
15	LVA	2	0	1	0	1931000	965500	1932	Latvia
16	ARG	14	3	1	0	13565942	968995	1932	Argentina
17	GBR	35	4	7	5	48168333	1376238	1932	Great Britain
18	CZE	9	1	2	1	12697193	1410799	1932	Czechoslovakia
19	JPN	46	7	7	4	65410778	1421973	1932	Japan
20	DEU	41	3	12	5	65720000	1602926	1932	Germany
21	URY	1	0	0	1	1788000	1788000	1932	Uruguay
22	CHE	2	0	1	0	4026773	2013386	1932	Switzerland
23	POL	14	2	1	4	32199100	2299935	1932	Poland
24	MEX	4	0	2	0	17816000	4454000	1932	Mexico
25	PHL	3	0	0	3	13724000	4574666	1932	Philippines
26	ESP	1	0	0	1	23953500	23953500	1932	Spain
27	IND	4	1	0	0	284102000	71025500	1932	India
1	FIN	57	8	8	9	3404000	59719	1928	Finland
2	EST	12	2	1	2	1116433	93036	1928	Estonia
3	CHE	40	7	4	4	3990000	99750	1928	Switzerland
4	SWE	52	7	6	12	6151953	118306	1928	Sweden
5	NLD	46	6	9	4	7640000	166086	1928	Netherlands
6	DNK	16	3	1	2	3490333	218145	1928	Denmark
7	NOR	9	1	2	1	2780933	308992	1928	Norway
8	CAN	31	4	4	7	9835000	317258	1928	Canada
9	HUN	26	4	5	0	8597554	330675	1928	Hungary
10	NZL	4	1	0	0	1459800	364950	1928	New Zealand
11	URY	4	1	0	0	1669000	417250	1928	Uruguay
12	CZE	20	2	5	2	10450600	522530	1928	Czechoslovakia
13	ARG	19	3	3	1	11282000	593789	1928	Argentina
14	MKD	9	1	1	3	5510100	612233	1928	Yugoslavia
15	AUS	9	1	2	1	6056453	672939	1928	Australia
16	IRL	4	1	0	0	2940000	735000	1928	Ireland
17	AUT	9	2	0	1	6643000	738111	1928	Austria
18	FRA	49	6	10	5	40815500	832969	1928	France
19	USA	140	22	18	16	121406874	867191	1928	United States
20	ITA	45	7	5	7	40054000	890088	1928	Italy
21	DEU	68	10	7	14	64785000	952720	1928	Germany
22	HTI	2	0	1	0	2316200	1158100	1928	Haiti
23	GBR	39	3	10	7	46038000	1180461	1928	Great Britain
24	ZAF	6	1	0	2	7777600	1296266	1928	South Africa
25	EGY	11	2	1	1	14600866	1327351	1928	Egypt
26	BEL	4	0	1	2	7986666	1996666	1928	Belgium
27	CHL	2	0	1	0	4164900	2082450	1928	Chile
28	POL	9	1	1	3	30330000	3370000	1928	Poland
29	JPN	13	2	2	1	61307883	4715991	1928	Japan
30	ESP	4	1	0	0	23217666	5804416	1928	Spain
31	PRT	1	0	0	1	6774255	6774255	1928	Portugal
32	PHL	1	0	0	1	12498000	12498000	1928	Philippines
33	IND	4	1	0	0	271442000	67860500	1928	India
1	FIN	92	14	13	10	3290666	35768	1924	Finland
2	CHE	54	7	8	10	3905306	72320	1924	Switzerland
3	NOR	27	5	2	3	2725733	100953	1924	Norway
4	EST	10	1	1	4	1114266	111426	1924	Estonia
5	SWE	54	4	13	12	6026033	111593	1924	Sweden
6	DNK	20	2	5	2	3434555	171727	1924	Denmark
7	BEL	29	3	7	3	7646000	263655	1924	Belgium
8	NLD	23	4	1	5	6848000	297739	1924	Netherlands
9	AUS	16	3	1	2	5681904	355119	1924	Australia
10	URY	4	1	0	0	1553000	388250	1924	Uruguay
11	USA	261	45	27	27	111413179	426870	1924	United States
12	FRA	92	13	15	10	39790500	432505	1924	France
13	HUN	18	2	3	4	8255600	458644	1924	Hungary
14	MKD	8	2	0	0	4234030	529253	1924	Yugoslavia
15	GBR	74	9	13	12	44072734	595577	1924	Great Britain
16	CZE	17	1	4	5	10450600	614741	1924	Czechoslovakia
17	ARG	12	1	3	2	9888024	824002	1924	Argentina
18	ITA	43	8	3	5	38242666	889364	1924	Italy
19	AUT	7	0	3	1	6562000	937428	1924	Austria
20	ZAF	7	1	1	1	7293900	1041985	1924	South Africa
21	CAN	7	0	3	1	9145666	1306523	1924	Canada
22	NZL	1	0	0	1	1410000	1410000	1924	New Zealand
23	HTI	1	0	0	1	2018666	2018666	1924	Haiti
24	PRT	1	0	0	1	6217663	6217663	1924	Portugal
25	POL	3	0	1	1	28564000	9521333	1924	Poland
26	ROU	1	0	0	1	16990000	16990000	1924	Romania
27	JPN	1	0	0	1	59250574	59250574	1924	Japan
1	NOR	79	13	9	9	2649775	33541	1920	Norway
2	FIN	89	15	10	9	3147600	35366	1920	Finland
3	SWE	141	19	20	25	5876000	41673	1920	Sweden
4	BEL	89	14	11	11	7478400	84026	1920	Belgium
5	DNK	31	3	9	1	3063000	98806	1920	Denmark
6	LUX	2	0	1	0	217000	108500	1920	Luxembourg
7	EST	8	1	2	0	1094039	136754	1920	Estonia
8	CHE	19	2	2	7	3879200	204168	1920	Switzerland
9	NLD	25	4	2	5	6837500	273500	1920	Netherlands
10	ZAF	23	3	4	3	6953000	302304	1920	South Africa
11	CAN	21	3	3	3	8552666	407269	1920	Canada
12	USA	245	41	27	27	106021558	432741	1920	United States
13	FRA	87	9	19	13	39036000	448689	1920	France
14	GBR	103	15	15	13	47321500	459432	1920	Great Britain
15	ITA	67	13	5	5	37837000	564731	1920	Italy
16	AUS	5	0	2	1	5425712	1085142	1920	Australia
17	NZL	1	0	0	1	1240800	1240800	1920	New Zealand
18	GRC	2	0	1	0	5033450	2516725	1920	Greece
19	CZE	2	0	0	2	8300642	4150321	1920	Czechoslovakia
20	ESP	4	0	2	0	21245466	5311366	1920	Spain
21	BRA	7	1	1	1	37738403	5391200	1920	Brazil
22	JPN	4	0	2	0	55963068	13990767	1920	Japan
1	SWE	161	24	24	17	5604200	34808	1912	Sweden
2	FIN	61	9	8	9	3049000	49983	1912	Finland
3	NOR	22	4	1	4	2423000	110136	1912	Norway
4	DNK	21	1	6	5	2794000	133047	1912	Denmark
5	ZAF	20	4	2	0	6074000	303700	1912	South Africa
6	AUS	15	2	2	3	4651848	310123	1912	Australasia
7	CAN	19	3	2	3	7318066	385161	1912	Canada
8	HUN	19	3	2	3	7793800	410200	1912	Hungary
9	GBR	86	10	15	16	44433999	516674	1912	Great Britain
10	BEL	13	2	1	3	7495261	576558	1912	Belgium
11	USA	157	25	19	19	94299498	600633	1912	United States
12	FRA	39	7	4	3	40833333	1047008	1912	France
13	GRC	5	1	0	1	5390000	1078000	1912	Greece
14	AUT	6	0	2	2	6724000	1120666	1912	Austria
15	DEU	53	5	13	7	66150000	1248113	1912	Germany
16	NLD	3	0	0	3	6043500	2014500	1912	Netherlands
17	ITA	16	3	1	2	35269200	2204325	1912	Italy
18	RUS	7	0	2	3	88402000	12628857	1912	Russian Federation
1	SWE	55	8	6	11	5416800	98487	1908	Sweden
2	GBR	365	56	51	39	41128700	112681	1908	Great Britain
3	NOR	17	2	3	3	2337400	137494	1908	Norway
4	CAN	28	3	3	10	7013000	250464	1908	Canada
5	FIN	9	1	1	3	2974800	330533	1908	Finland
6	HUN	22	3	4	2	7509000	341318	1908	Hungary
7	DNK	7	0	2	3	2668000	381142	1908	Denmark
8	AUS	10	1	2	2	3990361	399036	1908	Australasia
9	BEL	16	1	5	2	7352000	459500	1908	Belgium
10	USA	128	23	12	12	89882832	702209	1908	United States
11	GRC	6	0	3	0	5246000	874333	1908	Greece
12	ZAF	6	1	1	0	5591000	931833	1908	South Africa
13	FRA	39	5	5	9	40542333	1039547	1908	France
14	DEU	27	3	5	5	62860000	2328148	1908	Germany
15	NLD	2	0	0	2	5273000	2636500	1908	Netherlands
16	ITA	12	2	2	0	34747016	2895584	1908	Italy
18	AUT	1	0	0	1	6485000	6485000	1908	Austria
19	RUS	8	1	2	0	82502000	10312750	1908	Russian Federation
1	CUB	23	4	2	3	1879000	81695	1904	Cuba
2	USA	555	78	82	79	80181389	144470	1904	United States
3	CAN	19	4	1	1	5827000	306684	1904	Canada
4	HUN	11	2	1	1	7327000	666090	1904	Hungary
5	CHE	5	1	0	1	3425400	685080	1904	Switzerland
6	GRC	5	1	0	1	5102000	1020400	1904	Greece
7	DEU	29	4	4	5	57721666	1990402	1904	Germany
8	AUT	1	0	0	1	6228000	6228000	1904	Austria
9	GBR	6	1	1	0	38318700	6386450	1904	Great Britain
1	CHE	29	6	2	1	3315428	114325	1900	Switzerland
2	FRA	220	26	41	34	38300000	174090	1900	France
3	BEL	35	5	5	5	6719000	191971	1900	Belgium
4	DNK	12	1	3	2	2431000	202583	1900	Denmark
5	CUB	6	1	1	0	1500000	250000	1900	Cuba
6	NOR	7	0	2	3	2229000	318428	1900	Norway
7	AUS	11	2	0	3	3793322	344847	1900	Australia
8	GBR	81	15	6	9	35505000	438333	1900	Great Britain
9	USA	118	19	14	14	76172778	645532	1900	United States
10	AUT	9	0	3	3	5988400	665377	1900	Austria
11	HUN	10	1	2	2	6854415	685441	1900	Hungary
12	CAN	5	1	0	1	5304000	1060800	1900	Canada
13	NLD	5	0	1	3	5360050	1072010	1900	Netherlands
15	DEU	22	4	2	2	56118733	2550851	1900	Germany
16	ITA	12	2	2	0	32425000	2702083	1900	Italy
17	ESP	4	1	0	0	19263333	4815833	1900	Spain
18	SWE	1	0	0	1	5150000	5150000	1900	Sweden
19	MEX	1	0	0	1	13604666	13604666	1900	Mexico
20	IND	4	0	2	0	271306000	67826500	1900	India
1	GRC	93	10	17	19	2433802	26169	1896	Greece
2	DNK	11	1	2	3	2464770	224070	1896	Denmark
3	CHE	8	1	2	0	2941600	367700	1896	Switzerland
4	AUS	8	2	0	0	3585871	448233	1896	Australia
5	HUN	13	2	1	3	6855807	527369	1896	Hungary
6	USA	60	11	7	2	71801367	1196689	1896	United States
7	FRA	30	5	4	2	39611000	1320366	1896	France
8	DEU	36	6	5	2	53833333	1495370	1896	Germany
9	AUT	12	2	1	2	24961000	2080083	1896	Austria
10	GBR	16	2	3	2	35681033	2230064	1896	Great Britain